74 63
-0.8 -0.4
-0.8 0
0.5 0
0.5 0.3

-0.4 0.3
-0.35 0.35
-0.3 0.4
-0.3 0.6

-0.7 0
-0.6 0
-0.5 0
-0.4 0
-0.3 0
-0.2 0
-0.1 0
0 0
0.1 0
0.2 0
0.3 0
0.4 0

-0.7 0.3
-0.6 0.3
-0.5 0.3
-0.4 0.3
-0.3 0.3
-0.2 0.3
-0.1 0.3
0 0.3
0.1 0.3
0.2 0.3
0.3 0.3
0.4 0.3

0.5 0.2
0.5 0.1
0.5 0

-0.2 0.3
-0.15 0.35
-0.1 0.4
-0.1 0.6

0 0.3
0.05 0.35
0.1 0.4
0.1 0.6

0.2 0.3
0.25 0.35
0.3 0.4
0.3 0.6

0.4 0.3
0.45 0.35
0.5 0.4
0.5 0.6

0.6 0
0.55 -0.05
0.5 -0.1
0.5 -0.3

0.4 0
0.35 -0.05
0.3 -0.1
0.3 -0.3

0.2 0
0.15 -0.05
0.1 -0.1
0.1 -0.3

0 0
-0.05 -0.05
-0.1 -0.1
-0.1 -0.3

-0.2 0
-0.25 -0.05
-0.3 -0.1
-0.3 -0.3

-0.8 0.3
-0.8 0.6
-0.9 0.6

1 2 1
6 7 1
7 8 1
2 9 1
9 10 1
10 11 1
11 12 1
12 13 1
13 14 1
14 15 1
15 16 1
16 17 1
17 18 1
18 19 1
19 20 1
20 3 1
4 32 1
21 22 1
22 23 1
23 24 1
24 25 1
24 6 1
25 26 1
26 27 1
27 28 1
28 29 1
29 30 1
30 31 1
31 32 1
4 33 1
33 34 1
3 34 1
26 37 1
37 38 1
38 39 1
28 41 1
41 42 1
42 43 1
30 45 1
45 46 1
46 47 1
32 49 1
49 50 1
50 51 1
52 3 1
52 53 1
53 54 1
54 55 1
20 57 1
57 58 1
58 59 1
18 61 1
61 62 1
62 63 1
16 65 1
65 66 1
66 67 1
14 69 1
69 70 1
70 71 1
21 72 1
72 73 1
73 74 1
